Channel: 0
[0, 0, 100, 100, 100, 100, 100, 100, 100, 98, 82, 15, 0, 0, 0, 0, 0, 0, 0, 0, 0, 0]
Channel: 1
[0, 0, 100, 100, 100, 100, 100, 100, 100, 100, 70, 5, 0, 0, 0, 0, 0, 0, 0, 0, 0, 0]
Channel: 2
[0, 0, 100, 100, 100, 100, 100, 100, 100, 100, 100, 84, 16, 0, 0, 0, 0, 0, 0, 0, 0, 0]
Channel: 3
[0, 0, 100, 100, 100, 100, 100, 100, 100, 100, 99, 87, 19, 0, 0, 0, 0, 0, 0, 0, 0, 0]
Channel: 4
[0, 0, 100, 100, 100, 100, 100, 100, 100, 76, 14, 0, 0, 0, 0, 0, 0, 0, 0, 0, 0, 0]
Channel: 5
[0, 0, 100, 100, 100, 100, 100, 100, 100, 100, 99, 54, 4, 0, 0, 0, 0, 0, 0, 0, 0, 0]
Channel: 6
[0, 0, 100, 100, 100, 100, 100, 100, 100, 100, 94, 32, 1, 0, 0, 0, 0, 0, 0, 0, 0, 0]
Channel: 7
[0, 0, 100, 100, 100, 100, 100, 100, 70, 7, 0, 0, 0, 0, 0, 0, 0, 0, 0, 0, 0, 0]
Channel: 8
[0, 0, 100, 100, 100, 100, 100, 100, 100, 98, 73, 4, 0, 0, 0, 0, 0, 0, 0, 0, 0, 0]
Channel: 9
[0, 0, 100, 100, 100, 100, 100, 100, 100, 90, 22, 0, 0, 0, 0, 0, 0, 0, 0, 0, 0, 0]
Channel: 10
[0, 0, 100, 100, 100, 100, 100, 100, 100, 100, 100, 91, 21, 0, 0, 0, 0, 0, 0, 0, 0, 0]
Channel: 11
[0, 0, 100, 100, 100, 100, 100, 100, 100, 94, 43, 4, 0, 0, 0, 0, 0, 0, 0, 0, 0, 0]
Channel: 12
[0, 0, 100, 100, 100, 100, 100, 100, 100, 99, 82, 3, 0, 0, 0, 0, 0, 0, 0, 0, 0, 0]
Channel: 13
[0, 0, 100, 100, 100, 100, 100, 100, 100, 85, 24, 0, 0, 0, 0, 0, 0, 0, 0, 0, 0, 0]
Channel: 14
[0, 0, 100, 100, 100, 100, 100, 100, 100, 99, 59, 1, 0, 0, 0, 0, 0, 0, 0, 0, 0, 0]
Channel: 15
[0, 0, 100, 100, 100, 100, 100, 100, 78, 14, 0, 0, 0, 0, 0, 0, 0, 0, 0, 0, 0, 0]
Channel: 16
[0, 0, 100, 100, 100, 100, 100, 100, 100, 100, 100, 95, 27, 0, 0, 0, 0, 0, 0, 0, 0, 0]
Channel: 17
[0, 0, 100, 100, 100, 100, 100, 100, 100, 100, 100, 80, 15, 0, 0, 0, 0, 0, 0, 0, 0, 0]
Channel: 18
[0, 0, 100, 100, 100, 100, 100, 100, 100, 80, 19, 0, 0, 0, 0, 0, 0, 0, 0, 0, 0, 0]
Channel: 19
[0, 0, 100, 100, 100, 100, 100, 100, 98, 51, 5, 0, 0, 0, 0, 0, 0, 0, 0, 0, 0, 0]
Channel: 20
[0, 0, 100, 100, 100, 100, 100, 100, 100, 100, 100, 84, 11, 0, 0, 0, 0, 0, 0, 0, 0, 0]
Channel: 21
[0, 0, 100, 100, 100, 100, 100, 100, 100, 100, 99, 85, 9, 0, 0, 0, 0, 0, 0, 0, 0, 0]
Channel: 22
[0, 0, 100, 100, 100, 100, 100, 100, 100, 97, 45, 3, 0, 0, 0, 0, 0, 0, 0, 0, 0, 0]
Channel: 23
[0, 0, 100, 100, 100, 100, 100, 100, 100, 98, 64, 3, 0, 0, 0, 0, 0, 0, 0, 0, 0, 0]
Channel: 24
[0, 0, 100, 100, 100, 100, 100, 100, 100, 100, 100, 91, 31, 0, 0, 0, 0, 0, 0, 0, 0, 0]
Channel: 25
[0, 0, 100, 100, 100, 100, 100, 100, 99, 68, 7, 0, 0, 0, 0, 0, 0, 0, 0, 0, 0, 0]
Channel: 26
[0, 0, 100, 100, 100, 100, 100, 100, 100, 90, 33, 0, 0, 0, 0, 0, 0, 0, 0, 0, 0, 0]
Channel: 27
[0, 0, 100, 100, 100, 100, 100, 100, 100, 100, 64, 1, 0, 0, 0, 0, 0, 0, 0, 0, 0, 0]
Channel: 28
[0, 0, 100, 100, 100, 100, 100, 100, 100, 90, 33, 0, 0, 0, 0, 0, 0, 0, 0, 0, 0, 0]
Channel: 29
[0, 0, 100, 100, 100, 100, 100, 100, 100, 100, 100, 69, 3, 0, 0, 0, 0, 0, 0, 0, 0, 0]
Channel: 30
[0, 0, 100, 100, 100, 100, 100, 100, 100, 100, 100, 99, 58, 2, 0, 0, 0, 0, 0, 0, 0, 0]
Channel: 31
[0, 0, 100, 100, 100, 100, 100, 100, 100, 100, 100, 100, 77, 6, 0, 0, 0, 0, 0, 0, 0, 0]
Channel: 32
[0, 0, 100, 100, 100, 100, 100, 100, 99, 49, 6, 1, 0, 0, 0, 0, 0, 0, 0, 0, 0, 0]
Channel: 33
[0, 0, 100, 100, 100, 100, 100, 95, 56, 2, 0, 0, 0, 0, 0, 0, 0, 0, 0, 0, 0, 0]
Channel: 34
[0, 0, 100, 100, 100, 100, 100, 100, 100, 100, 69, 7, 0, 0, 0, 0, 0, 0, 0, 0, 0, 0]
Channel: 35
[0, 0, 100, 100, 100, 100, 100, 100, 100, 100, 100, 84, 16, 0, 0, 0, 0, 0, 0, 0, 0, 0]
Channel: 36
[0, 0, 100, 100, 100, 100, 100, 100, 100, 100, 100, 80, 14, 0, 0, 0, 0, 0, 0, 0, 0, 0]
Channel: 37
[0, 0, 100, 100, 100, 100, 100, 100, 100, 87, 22, 0, 0, 0, 0, 0, 0, 0, 0, 0, 0, 0]
Channel: 38
[0, 0, 100, 100, 100, 100, 100, 100, 100, 95, 45, 0, 0, 0, 0, 0, 0, 0, 0, 0, 0, 0]
Channel: 39
[0, 0, 100, 100, 100, 100, 100, 100, 100, 100, 77, 1, 0, 0, 0, 0, 0, 0, 0, 0, 0, 0]
Channel: 40
[0, 0, 100, 100, 100, 100, 100, 100, 100, 96, 41, 0, 0, 0, 0, 0, 0, 0, 0, 0, 0, 0]
Channel: 41
[0, 0, 100, 100, 100, 100, 100, 100, 89, 23, 0, 0, 0, 0, 0, 0, 0, 0, 0, 0, 0, 0]
Channel: 42
[0, 0, 100, 100, 100, 100, 100, 100, 69, 6, 0, 0, 0, 0, 0, 0, 0, 0, 0, 0, 0, 0]
Channel: 43
[0, 0, 100, 100, 100, 100, 100, 100, 100, 80, 13, 0, 0, 0, 0, 0, 0, 0, 0, 0, 0, 0]
Channel: 44
[0, 0, 100, 100, 100, 100, 100, 99, 44, 2, 0, 0, 0, 0, 0, 0, 0, 0, 0, 0, 0, 0]
Channel: 45
[0, 0, 100, 100, 100, 100, 100, 100, 84, 14, 0, 0, 0, 0, 0, 0, 0, 0, 0, 0, 0, 0]
Channel: 46
[0, 0, 100, 100, 100, 100, 100, 100, 100, 100, 95, 32, 0, 0, 0, 0, 0, 0, 0, 0, 0, 0]
Channel: 47
[0, 0, 100, 100, 100, 100, 100, 97, 55, 1, 0, 0, 0, 0, 0, 0, 0, 0, 0, 0, 0, 0]
Channel: 48
[0, 0, 100, 100, 100, 100, 100, 100, 95, 30, 2, 0, 0, 0, 0, 0, 0, 0, 0, 0, 0, 0]
Channel: 49
[0, 0, 100, 100, 100, 100, 100, 100, 100, 100, 94, 20, 1, 0, 0, 0, 0, 0, 0, 0, 0, 0]
Channel: 50
[0, 0, 100, 100, 100, 100, 100, 100, 100, 97, 72, 5, 0, 0, 0, 0, 0, 0, 0, 0, 0, 0]
Channel: 51
[0, 0, 100, 100, 100, 100, 100, 100, 100, 93, 26, 0, 0, 0, 0, 0, 0, 0, 0, 0, 0, 0]
Channel: 52
[0, 0, 100, 100, 100, 100, 100, 100, 100, 96, 61, 5, 0, 0, 0, 0, 0, 0, 0, 0, 0, 0]
Channel: 53
[0, 0, 100, 100, 100, 100, 100, 100, 89, 24, 3, 0, 0, 0, 0, 0, 0, 0, 0, 0, 0, 0]
Channel: 54
[0, 0, 100, 100, 100, 100, 100, 100, 100, 94, 33, 1, 0, 0, 0, 0, 0, 0, 0, 0, 0, 0]
Channel: 55
[0, 0, 100, 100, 100, 100, 100, 100, 87, 6, 1, 0, 0, 0, 0, 0, 0, 0, 0, 0, 0, 0]
Channel: 56
[0, 0, 100, 100, 100, 100, 100, 88, 28, 1, 0, 0, 0, 0, 0, 0, 0, 0, 0, 0, 0, 0]
Channel: 57
[0, 0, 100, 100, 100, 100, 100, 100, 100, 100, 79, 5, 0, 0, 0, 0, 0, 0, 0, 0, 0, 0]
Channel: 58
[0, 0, 100, 100, 100, 100, 100, 100, 100, 100, 100, 35, 0, 0, 0, 0, 0, 0, 0, 0, 0, 0]
Channel: 59
[0, 0, 100, 100, 100, 100, 100, 100, 99, 45, 3, 0, 0, 0, 0, 0, 0, 0, 0, 0, 0, 0]
Channel: 60
[0, 0, 100, 100, 100, 100, 100, 100, 100, 80, 17, 0, 0, 0, 0, 0, 0, 0, 0, 0, 0, 0]
Channel: 61
[0, 0, 100, 100, 100, 100, 100, 100, 100, 92, 35, 1, 0, 0, 0, 0, 0, 0, 0, 0, 0, 0]
Channel: 62
[0, 0, 100, 100, 100, 100, 100, 100, 78, 11, 0, 0, 0, 0, 0, 0, 0, 0, 0, 0, 0, 0]
Channel: 63
[0, 0, 100, 100, 100, 100, 100, 100, 100, 98, 55, 2, 0, 0, 0, 0, 0, 0, 0, 0, 0, 0]
Channel: 64
[0, 0, 100, 100, 100, 100, 100, 100, 100, 99, 79, 3, 0, 0, 0, 0, 0, 0, 0, 0, 0, 0]
Channel: 65
[0, 0, 100, 100, 100, 100, 100, 100, 100, 100, 100, 67, 2, 0, 0, 0, 0, 0, 0, 0, 0, 0]
Channel: 66
[0, 0, 100, 100, 100, 100, 100, 100, 98, 67, 6, 0, 0, 0, 0, 0, 0, 0, 0, 0, 0, 0]
Channel: 67
[0, 0, 100, 100, 100, 100, 100, 100, 100, 83, 28, 0, 0, 0, 0, 0, 0, 0, 0, 0, 0, 0]
Channel: 68
[0, 0, 100, 100, 100, 100, 100, 94, 28, 0, 0, 0, 0, 0, 0, 0, 0, 0, 0, 0, 0, 0]
Channel: 69
[0, 0, 100, 100, 100, 100, 100, 100, 100, 45, 8, 0, 0, 0, 0, 0, 0, 0, 0, 0, 0, 0]
Channel: 70
[0, 0, 100, 100, 100, 100, 100, 96, 68, 3, 0, 0, 0, 0, 0, 0, 0, 0, 0, 0, 0, 0]
Channel: 71
[0, 0, 100, 100, 100, 100, 100, 100, 88, 15, 1, 0, 0, 0, 0, 0, 0, 0, 0, 0, 0, 0]
Channel: 72
[0, 0, 100, 100, 100, 100, 100, 100, 100, 100, 100, 72, 5, 0, 0, 0, 0, 0, 0, 0, 0, 0]
Channel: 73
[0, 0, 100, 100, 100, 100, 100, 99, 79, 7, 0, 0, 0, 0, 0, 0, 0, 0, 0, 0, 0, 0]
Channel: 74
[0, 0, 100, 100, 100, 100, 100, 100, 100, 98, 52, 1, 0, 0, 0, 0, 0, 0, 0, 0, 0, 0]
Channel: 75
[0, 0, 100, 100, 100, 100, 100, 100, 100, 100, 98, 57, 2, 0, 0, 0, 0, 0, 0, 0, 0, 0]
Channel: 76
[0, 0, 100, 100, 100, 100, 100, 100, 100, 98, 59, 1, 0, 0, 0, 0, 0, 0, 0, 0, 0, 0]
Channel: 77
[0, 0, 100, 100, 100, 100, 100, 100, 100, 100, 79, 10, 0, 0, 0, 0, 0, 0, 0, 0, 0, 0]
Channel: 78
[0, 0, 100, 100, 100, 100, 100, 100, 91, 32, 0, 0, 0, 0, 0, 0, 0, 0, 0, 0, 0, 0]
Channel: 79
[0, 0, 100, 100, 100, 100, 100, 100, 99, 53, 3, 0, 0, 0, 0, 0, 0, 0, 0, 0, 0, 0]
Channel: 80
[0, 0, 100, 100, 100, 100, 100, 100, 100, 93, 42, 0, 0, 0, 0, 0, 0, 0, 0, 0, 0, 0]
Channel: 81
[0, 0, 100, 100, 100, 100, 100, 100, 47, 2, 0, 0, 0, 0, 0, 0, 0, 0, 0, 0, 0, 0]
Channel: 82
[0, 0, 100, 100, 100, 100, 100, 100, 86, 13, 0, 0, 0, 0, 0, 0, 0, 0, 0, 0, 0, 0]
Channel: 83
[0, 0, 100, 100, 100, 100, 100, 100, 82, 15, 0, 0, 0, 0, 0, 0, 0, 0, 0, 0, 0, 0]
Channel: 84
[0, 0, 100, 100, 100, 100, 100, 97, 51, 2, 0, 0, 0, 0, 0, 0, 0, 0, 0, 0, 0, 0]
Channel: 85
[0, 0, 100, 100, 100, 100, 100, 100, 95, 56, 5, 0, 0, 0, 0, 0, 0, 0, 0, 0, 0, 0]
Channel: 86
[0, 0, 100, 100, 100, 100, 100, 100, 100, 97, 44, 0, 0, 0, 0, 0, 0, 0, 0, 0, 0, 0]
Channel: 87
[0, 0, 100, 100, 100, 100, 100, 100, 100, 93, 38, 0, 0, 0, 0, 0, 0, 0, 0, 0, 0, 0]
Channel: 88
[0, 0, 100, 100, 100, 100, 100, 100, 100, 92, 31, 0, 0, 0, 0, 0, 0, 0, 0, 0, 0, 0]
Channel: 89
[0, 0, 100, 100, 100, 100, 100, 88, 19, 0, 0, 0, 0, 0, 0, 0, 0, 0, 0, 0, 0, 0]
Channel: 90
[0, 0, 100, 100, 100, 100, 100, 100, 100, 80, 17, 0, 0, 0, 0, 0, 0, 0, 0, 0, 0, 0]
Channel: 91
[0, 0, 100, 100, 100, 100, 100, 100, 100, 100, 100, 63, 4, 0, 0, 0, 0, 0, 0, 0, 0, 0]
Channel: 92
[0, 0, 100, 100, 100, 100, 100, 100, 100, 99, 97, 38, 0, 0, 0, 0, 0, 0, 0, 0, 0, 0]
Channel: 93
[0, 0, 100, 100, 100, 100, 100, 100, 100, 78, 15, 0, 0, 0, 0, 0, 0, 0, 0, 0, 0, 0]
Channel: 94
[0, 0, 100, 100, 100, 100, 100, 100, 98, 37, 2, 0, 0, 0, 0, 0, 0, 0, 0, 0, 0, 0]
Channel: 95
[0, 0, 100, 100, 100, 100, 100, 100, 100, 98, 60, 1, 0, 0, 0, 0, 0, 0, 0, 0, 0, 0]
Channel: 96
[0, 0, 100, 100, 100, 100, 100, 100, 99, 74, 11, 0, 0, 0, 0, 0, 0, 0, 0, 0, 0, 0]
Channel: 97
[0, 0, 100, 100, 100, 100, 100, 100, 100, 84, 24, 0, 0, 0, 0, 0, 0, 0, 0, 0, 0, 0]
Channel: 98
[0, 0, 100, 100, 100, 100, 100, 100, 100, 98, 43, 0, 0, 0, 0, 0, 0, 0, 0, 0, 0, 0]
Channel: 99
[0, 0, 100, 100, 100, 100, 100, 100, 100, 96, 33, 0, 0, 0, 0, 0, 0, 0, 0, 0, 0, 0]
Channel: 100
[0, 0, 100, 100, 100, 100, 100, 100, 100, 100, 100, 85, 24, 0, 0, 0, 0, 0, 0, 0, 0, 0]
Channel: 101
[0, 0, 100, 100, 100, 100, 100, 100, 100, 98, 71, 5, 0, 0, 0, 0, 0, 0, 0, 0, 0, 0]
Channel: 102
[0, 0, 100, 100, 100, 100, 100, 100, 100, 98, 47, 1, 0, 0, 0, 0, 0, 0, 0, 0, 0, 0]
Channel: 103
[0, 0, 100, 100, 100, 100, 100, 100, 100, 80, 27, 0, 0, 0, 0, 0, 0, 0, 0, 0, 0, 0]
Channel: 104
[0, 0, 100, 100, 100, 100, 100, 100, 98, 31, 0, 0, 0, 0, 0, 0, 0, 0, 0, 0, 0, 0]
Channel: 105
[0, 0, 100, 100, 100, 100, 100, 100, 100, 100, 100, 98, 50, 0, 0, 0, 0, 0, 0, 0, 0, 0]
Channel: 106
[0, 0, 100, 100, 100, 100, 100, 100, 100, 88, 25, 0, 0, 0, 0, 0, 0, 0, 0, 0, 0, 0]
Channel: 107
[0, 0, 100, 100, 100, 100, 100, 100, 95, 37, 1, 0, 0, 0, 0, 0, 0, 0, 0, 0, 0, 0]
Channel: 108
[0, 0, 100, 100, 100, 100, 100, 78, 12, 0, 0, 0, 0, 0, 0, 0, 0, 0, 0, 0, 0, 0]
Channel: 109
[0, 0, 100, 100, 100, 100, 100, 100, 99, 82, 21, 0, 0, 0, 0, 0, 0, 0, 0, 0, 0, 0]
Channel: 110
[0, 0, 100, 100, 100, 100, 100, 100, 100, 97, 69, 4, 0, 0, 0, 0, 0, 0, 0, 0, 0, 0]
Channel: 111
[0, 0, 100, 100, 100, 100, 100, 100, 98, 54, 3, 0, 0, 0, 0, 0, 0, 0, 0, 0, 0, 0]
Channel: 112
[0, 0, 100, 100, 100, 100, 100, 100, 100, 99, 78, 3, 0, 0, 0, 0, 0, 0, 0, 0, 0, 0]
Channel: 113
[0, 0, 100, 100, 100, 100, 100, 100, 100, 100, 76, 2, 0, 0, 0, 0, 0, 0, 0, 0, 0, 0]
Channel: 114
[0, 0, 100, 100, 100, 100, 100, 100, 99, 69, 10, 0, 0, 0, 0, 0, 0, 0, 0, 0, 0, 0]
Channel: 115
[0, 0, 100, 100, 100, 100, 100, 84, 30, 0, 0, 0, 0, 0, 0, 0, 0, 0, 0, 0, 0, 0]
Channel: 116
[0, 0, 100, 100, 100, 100, 100, 100, 100, 100, 80, 8, 0, 0, 0, 0, 0, 0, 0, 0, 0, 0]
Channel: 117
[0, 0, 100, 100, 100, 100, 100, 100, 100, 100, 67, 7, 0, 0, 0, 0, 0, 0, 0, 0, 0, 0]
Channel: 118
[0, 0, 100, 100, 100, 100, 100, 100, 100, 100, 100, 100, 75, 2, 0, 0, 0, 0, 0, 0, 0, 0]
Channel: 119
[0, 0, 100, 100, 100, 100, 100, 100, 100, 100, 100, 95, 38, 1, 0, 0, 0, 0, 0, 0, 0, 0]
Channel: 120
[0, 0, 100, 100, 100, 100, 100, 100, 100, 100, 96, 23, 0, 0, 0, 0, 0, 0, 0, 0, 0, 0]
Channel: 121
[0, 0, 100, 100, 100, 100, 100, 81, 17, 0, 0, 0, 0, 0, 0, 0, 0, 0, 0, 0, 0, 0]
Channel: 122
[0, 0, 100, 100, 100, 100, 100, 100, 100, 100, 84, 12, 0, 0, 0, 0, 0, 0, 0, 0, 0, 0]
Channel: 123
[0, 0, 100, 100, 100, 100, 100, 100, 100, 59, 8, 0, 0, 0, 0, 0, 0, 0, 0, 0, 0, 0]
Channel: 124
[0, 0, 100, 100, 100, 100, 100, 100, 98, 57, 8, 0, 0, 0, 0, 0, 0, 0, 0, 0, 0, 0]
Channel: 125
[0, 0, 100, 100, 100, 100, 100, 100, 100, 100, 99, 81, 10, 0, 0, 0, 0, 0, 0, 0, 0, 0]
Channel: 126
[0, 0, 100, 100, 100, 100, 100, 100, 89, 23, 2, 0, 0, 0, 0, 0, 0, 0, 0, 0, 0, 0]
Channel: 127
[0, 0, 100, 100, 100, 100, 100, 100, 100, 93, 42, 0, 0, 0, 0, 0, 0, 0, 0, 0, 0, 0]